793
580
108
988
233
803
802
333
678
147
806
822
945
952
201
203
179
753
700
970
912
386
5
910
812
674
165
4
63
98
326
231
622
727
176
342
486
580
155
563
192
606
553
189
87
375
908
121
797
329
323
854
476
27
637
69
71
51
481
705
863
782
916
431
949
858
270
936
790
552
709
403
336
664
182
994
597
863
865
166
313
678
850
91
540
715
119
76
910
366
342
556
375
441
378
498
36
34
814
608
221
428
946
740
414
944
110
162
508
421
608
732
121
704
848
917
291
208
184
171
693
896
844
190
331
169
250
789
519
462
428
661
885
568
161
174
770
579
93
673
833
50
949
846
879
66
570
842
559
476
60
381
11
626
228
375
696
509
873
712
797
696
221
512
889
33
740
870
735
832
295
175
845
139
893
917
196
849
995
446
604
465
377
817
980
155
693
234
937
521
187
744
394
63
780
298
580
226
3
90
187
206
610
517
541
328
554
117
323
838
524
354
132
537
206
218
578
631
902
727
874
544
711
695
598
627
321
130
187
987
776
90
801
954
512
962
717
690
192
453
417
232
289
977
882
94
690
90
823
167
958
322
661
791
649
51
723
461
95
914
478
180
264
510
345
16
223
121
754
672
902
167
383
275
98
110
783
111
426
419
286
642
708
842
53
34
773
513
127
904
397
177
691
674
689
643
353
64
631
744
498
370
295
32
883
845
329
401
43
865
572
59
843
535
75
760
323
414
737
650
822
993
746
899
634
234
134
283
527
308
348
993
509
589
654
421
308
970
557
837
611
805
811
490
430
824
583
909
666
833
175
232
399
772
658
583
292
840
420
187
605
182
286
956
82
538
13
844
539
567
189
450
985
318
474
15
911
990
376
569
202
593
553
945
822
188
622
998
732
621
420
951
785
720
80
491
860
696
420
613
659
521
669
89
749
968
811
751
985
231
128
67
660
567
437
152
292
25
210
703
94
162
751
329
286
929
537
760
675
887
475
879
315
234
1000
278
157
108
15
573
982
231
905
806
38
395
289
408
279
777
601
274
992
670
673
689
999
78
297
593
983
995
489
716
187
75
302
641
392
894
823
431
104
219
11
641
85
811
436
788
409
256
579
826
886
913
803
693
785
445
39
725
731
134
551
522
368
706
621
557
41
986
804
586
950
349
4
552
848
355
724
130
348
519
691
90
758
70
708
910
250
479
702
425
77
507
228
418
177
351
613
203
37
901
167
788
484
87
890
194
64
551
20
335
459
764
400
317
286
957
571
458
245
862
760
764
360
120
980
990
741
108
591
72
522
163
343
493
347
547
666
891
98
701
43
152
517
39
680
379
39
338
770
808
330
304
207
432
589
241
838
216
690
188
52
124
92
815
688
83
773
339
481
862
621
611
570
271
779
513
243
933
975
783
593
236
63
77
256
587
309
160
986
527
909
998
31
731
720
548
312
497
49
744
642
202
630
501
304
859
647
393
45
506
792
767
53
280
424
502
309
382
138
640
120
813
56
979
676
973
457
260
703
753
362
510
416
277
812
774
843
260
297
523
82
860
453
87
200
558
175
813
91
75
490
716
523
365
716
316
969
900
929
603
763
696
169
852
816
871
683
375
441
656
874
336
384
870
695
996
668
124
290
843
68
442
211
415
364
153
944
446
355
909
149
266
35
502
66
899
617
119
69
456
581
890
751
978
41
333
778
750
400
739
506
634
159
786
364
497
587
447
704
718
703
751
331
72
527
41
341
155
322
451
4
691
361
118
263
525
242
803
760
424
575
466
781
559
709
349
683
678
302
227
790
591
460
269
212
780
23
660
235
285
17
465
214
901
330
572
12
776
241
439
550
417
104
31
373
499
818
309
186
603
104
483
521
145
974
216
952
685
167
587
743
279
291
468
203
18
1
585
314
485
596
509
471
200
693
377
162
187
652
81
411
352
577
730
669
185
966
254
431
597
968
80
913
153
893
692
43
55
510
915
338
967
923
252
243
158
808
978
307
574
450
363
235
470
213
535
447
916
814
42
98
770
866
269
433
659
379
184
642
136
903
611
11
122
201
408
643
749
519
850
601
389
636
340
448
74
750
359
11
288
663
962
305
337
246
814
672
181
114
915
73
386
655
706
681
238
710
581
291
923
73
501
37
100
363
531
553
635
985
385
831
93
369
224
97
778
46
251
953
865
745
783
209
381
585
603
976
376
300
481
74
914
566
142
952
293
383
411
420
406
3
79
699
986
666
300
745
919
977
35
425
664
21
392
233
305
939
805
359
559
244
315
797
953
228
131